$ANSIBLE_VAULT;1.1;AES256
61373835373432646361336336663563343636353762613363323632646339326538363763653637
6362646331336133386439326463393532303530656239360a343435393633633538396336626133
32366333363565356464613134343032646230633935373835383236646462333738303265373830
6466303330653735610a356630306534663237656137623039363033306230316164653762633362
61336437326434646561323335343536623033383339663931313130373636343866616338363162
39363035323430666337373461383530346130313734383064313730373339353835633163623939
61646165366165303762663435383334613665623136353330626239633263363530633138636562
65333239666663356466346262373963316236316633663133636637643937633435323234666539
64326234353262636330393437383539323732383066396636336165313335316338383335623565
30393034326537666162303634376261656661393337653537636336366534396364306634353837
33396333626134386633303735346638636364396439373764376636653630653339643531653634
61383535316236356337396432386338346134663738333036656364316233656539386166666561
33363139653233383363656131376665666165613664393735363766613533633235323061316162
63616633313064313235383266396164613563643432373733306466643438646138636439393038
33656432623130373062353135656331323364386231326464363933363162336432333534336664
31656530396561626236646564623839383437383132616435643636626630306335326564366366
66643864636465366231356138356533323238316534613539373436356664333666363335616336
33343136386461633139626630396432376536366136373566653439633033326139646665653537
33373064346631663165663763363830666633366263366437353463613138643236323132326138
37323636613765333631343434386364616435393735346335393765626262626435613033636634
30663332366232363364353063353437383837343635653338363130646365306564646139396639
33666433616463303530623364663933633636393137373937303834336566356662373164616531
37343030316634633530363631653266636430396331303034326637373264376532653136396138
38306632316530323866383234306637376431656231393662386433373831353933656232346430
36303764613536313766353265333932643132363232343738653563623764343834633966306561
35373739336661346630623761623736363663643234666531363539646366336434373964623964
31633538666135383364643661343239656630363363636538343465376362326436396339356536
63393130643134623066333031323333373662343566353437623037353165666562663861373962
37633964646537333531316261626662663862616235333336326265383862616530326333663639
61303065656566643833333162373366396162646664653763613163346538383831623535373963
62383862396664326230393030376663613961323361643439663733653230323766656336383061
35383238313831376665343831633366373034363164636238613437333563613730643437386461
63613733336538336531633164353337313466303734653034646634386339653265393731643436
32373038323736646635623637383937313466613330353535303766336431333161326363653264
63363064343635323435336264396230353866396237353166613930353565313466373936666162
36376432306363303364313364663037393761666632386432353133356364343863313963393637
61633432393536336563396632633930643732666231393837393331383733316364306633333138
63363533646234626438343930663538343538343436363539346362626536383232303764393563
61373562363965376339643137343031653232623264353565653232646266303031653563303866
64343563626130653764646465333739376464346165663037316265326635326466623965336164
65363130303237393766616635303335323331343161363139386232353038656464306431343466
65653832306666386639323563616361313538656365366135613761323164343135313164636237
34376538653231646463313636343363656536313238643230303931396637613862633838666163
32353765336364306638393834396638333436336662396461376531336339306232346364613564
39356263663730663832626166336332393437613262663931346563373232623735633564666330
37373630633963306164636465663737313636363164396634323337323862323562326231336462
61623563633236623663366464396433383434373939386236386136643966363134336162396338
30656530356362316333
